0001_0055_0056_0286_0286.jpg 1 55 56 286 286
0002_0066_0186_0156_0156.jpg 1 66 186 156 156
0003_0112_0065_0221_0221.jpg 1 112 65 221 221
0004_0073_0035_0265_0265.jpg 1 73 35 265 265
0005_0081_0160_0208_0208.jpg 1 81 160 208 208
0006_0191_0035_0191_0191.jpg 1 191 35 191 191
0007_0063_0124_0320_0320.jpg 1 63 124 320 320
0008_0287_0259_0083_0083.jpg 1 287 259 83 83
0009_0116_0087_0311_0311.jpg 1 116 87 311 311
0010_0148_0116_0293_0293.jpg 1 148 116 293 293
0011_0088_0152_0241_0241.jpg 1 88 152 241 241
0012_0070_0145_0244_0244.jpg 1 70 145 244 244
0013_0257_0229_0025_0025.jpg 1 257 229 25 25
0014_0179_0068_0080_0080.jpg 1 179 68 80 80
0015_0243_0075_0154_0154.jpg 1 243 75 154 154
0016_0206_0245_0077_0077.jpg 1 206 245 77 77
0017_0088_0027_0345_0345.jpg 1 88 27 345 345
0018_0060_0109_0275_0275.jpg 1 60 109 275 275
0019_0195_0272_0070_0070.jpg 1 195 272 70 70
0020_0124_0064_0341_0341.jpg 1 124 64 341 341
0021_0039_0152_0306_0306.jpg 1 39 152 306 306
0022_0229_0067_0088_0088.jpg 1 229 67 88 88
0023_0082_0102_0179_0179.jpg 1 82 102 179 179
0024_0066_0131_0333_0333.jpg 1 66 131 333 333
0025_0054_0145_0306_0306.jpg 1 54 145 306 306
0026_0056_0079_0311_0311.jpg 1 56 79 311 311
0027_0066_0063_0045_0045.jpg 1 66 63 45 45
0028_0072_0055_0315_0315.jpg 1 72 55 315 315
0029_0098_0163_0291_0291.jpg 1 98 163 291 291
0030_0103_0052_0215_0215.jpg 1 103 52 215 215
0031_0133_0067_0328_0328.jpg 1 133 67 328 328
0032_0098_0143_0262_0262.jpg 1 98 143 262 262
0033_0101_0022_0310_0310.jpg 1 101 22 310 310
0034_0214_0236_0203_0203.jpg 1 214 236 203 203
0035_0258_0249_0141_0141.jpg 1 258 249 141 141
0036_0085_0077_0313_0313.jpg 1 85 77 313 313
0037_0070_0082_0272_0272.jpg 1 70 82 272 272
0038_0114_0102_0306_0306.jpg 1 114 102 306 306
0039_0134_0128_0228_0228.jpg 1 134 128 228 228
0040_0060_0093_0060_0060.jpg 1 60 93 60 60
0041_0218_0088_0204_0204.jpg 1 218 88 204 204
0042_0047_0050_0247_0247.jpg 1 47 50 247 247
0043_0086_0057_0091_0091.jpg 1 86 57 91 91
0044_0119_0030_0258_0258.jpg 1 119 30 258 258
0045_0056_0169_0203_0203.jpg 1 56 169 203 203
0046_0056_0239_0169_0169.jpg 1 56 239 169 169
0047_0069_0097_0338_0338.jpg 1 69 97 338 338
0048_0291_0165_0070_0070.jpg 1 291 165 70 70
0049_0320_0367_0024_0024.jpg 1 320 367 24 24
0050_0179_0193_0232_0232.jpg 1 179 193 232 232
0051_0064_0247_0031_0031.jpg 1 64 247 31 31
0052_0253_0055_0127_0127.jpg 1 253 55 127 127
0053_0053_0112_0117_0117.jpg 1 53 112 117 117
0054_0093_0142_0197_0197.jpg 1 93 142 197 197
0055_0182_0077_0259_0259.jpg 1 182 77 259 259
0056_0145_0092_0137_0137.jpg 1 145 92 137 137
0057_0146_0099_0247_0247.jpg 1 146 99 247 247
0058_0142_0261_0059_0059.jpg 1 142 261 59 59
0059_0154_0302_0078_0078.jpg 1 154 302 78 78
0060_0220_0087_0177_0177.jpg 1 220 87 177 177
0061_0132_0078_0322_0322.jpg 1 132 78 322 322
0062_0046_0299_0038_0038.jpg 1 46 299 38 38
0063_0238_0114_0086_0086.jpg 1 238 114 86 86
0064_0122_0157_0182_0182.jpg 1 122 157 182 182
0065_0111_0221_0206_0206.jpg 1 111 221 206 206
0066_0171_0050_0282_0282.jpg 1 171 50 282 282
0067_0115_0051_0228_0228.jpg 1 115 51 228 228
0068_0093_0185_0046_0046.jpg 1 93 185 46 46
0069_0136_0303_0030_0030.jpg 1 136 303 30 30
0070_0306_0181_0069_0069.jpg 1 306 181 69 69
0071_0138_0211_0205_0205.jpg 1 138 211 205 205
0072_0125_0121_0330_0330.jpg 1 125 121 330 330
0073_0085_0167_0191_0191.jpg 1 85 167 191 191
0074_0091_0042_0286_0286.jpg 1 91 42 286 286
0075_0120_0068_0293_0293.jpg 1 120 68 293 293
0076_0048_0082_0342_0342.jpg 1 48 82 342 342
0077_0036_0117_0297_0297.jpg 1 36 117 297 297
0078_0262_0062_0151_0151.jpg 1 262 62 151 151
0079_0022_0126_0326_0326.jpg 1 22 126 326 326
0080_0304_0082_0107_0107.jpg 1 304 82 107 107
0081_0078_0303_0112_0112.jpg 1 78 303 112 112
0082_0054_0118_0319_0319.jpg 1 54 118 319 319
0083_0078_0121_0107_0107.jpg 1 78 121 107 107
0084_0135_0140_0318_0318.jpg 1 135 140 318 318
0085_0235_0051_0184_0184.jpg 1 235 51 184 184
0086_0035_0135_0229_0229.jpg 1 35 135 229 229
0087_0289_0242_0105_0105.jpg 1 289 242 105 105
0088_0110_0212_0061_0061.jpg 1 110 212 61 61
0089_0207_0163_0196_0196.jpg 1 207 163 196 196
0090_0085_0115_0289_0289.jpg 1 85 115 289 289
0091_0142_0168_0181_0181.jpg 1 142 168 181 181
0092_0133_0063_0179_0179.jpg 1 133 63 179 179
0093_0129_0110_0285_0285.jpg 1 129 110 285 285
0094_0163_0104_0232_0232.jpg 1 163 104 232 232
0095_0193_0079_0254_0254.jpg 1 193 79 254 254
0096_0063_0070_0244_0244.jpg 1 63 70 244 244
0097_0122_0106_0304_0304.jpg 1 122 106 304 304
0098_0049_0077_0341_0341.jpg 1 49 77 341 341
0099_0120_0251_0132_0132.jpg 1 120 251 132 132
0100_0110_0161_0169_0169.jpg 1 110 161 169 169
0101_0100_0194_0225_0225.jpg 1 100 194 225 225
0102_0179_0301_0064_0064.jpg 1 179 301 64 64
0103_0131_0056_0081_0081.jpg 1 131 56 81 81
0104_0069_0091_0220_0220.jpg 1 69 91 220 220
0105_0063_0080_0349_0349.jpg 1 63 80 349 349
0106_0126_0194_0236_0236.jpg 1 126 194 236 236
0107_0071_0146_0275_0275.jpg 1 71 146 275 275
0108_0084_0315_0052_0052.jpg 1 84 315 52 52
0109_0134_0063_0285_0285.jpg 1 134 63 285 285
0110_0193_0279_0111_0111.jpg 1 193 279 111 111
0111_0361_0221_0034_0034.jpg 1 361 221 34 34
0112_0103_0214_0212_0212.jpg 1 103 214 212 212
0113_0279_0084_0147_0147.jpg 1 279 84 147 147
0114_0044_0069_0288_0288.jpg 1 44 69 288 288
0115_0208_0265_0144_0144.jpg 1 208 265 144 144
0116_0121_0074_0278_0278.jpg 1 121 74 278 278
0117_0087_0201_0047_0047.jpg 1 87 201 47 47
0118_0180_0189_0143_0143.jpg 1 180 189 143 143
0119_0055_0129_0261_0261.jpg 1 55 129 261 261
0120_0046_0110_0268_0268.jpg 1 46 110 268 268
0121_0088_0111_0219_0219.jpg 1 88 111 219 219
0122_0036_0138_0288_0288.jpg 1 36 138 288 288
0123_0160_0115_0266_0266.jpg 1 160 115 266 266
0124_0156_0066_0105_0105.jpg 1 156 66 105 105
0125_0133_0031_0200_0200.jpg 1 133 31 200 200
0126_0214_0333_0058_0058.jpg 1 214 333 58 58
0127_0164_0229_0134_0134.jpg 1 164 229 134 134
0128_0084_0193_0185_0185.jpg 1 84 193 185 185
0129_0281_0292_0123_0123.jpg 1 281 292 123 123
0130_0237_0047_0142_0142.jpg 1 237 47 142 142
0131_0069_0065_0320_0320.jpg 1 69 65 320 320
0132_0184_0142_0159_0159.jpg 1 184 142 159 159
0133_0274_0292_0127_0127.jpg 1 274 292 127 127
0134_0211_0117_0186_0186.jpg 1 211 117 186 186
0135_0351_0290_0051_0051.jpg 1 351 290 51 51
0136_0305_0257_0085_0085.jpg 1 305 257 85 85
0137_0307_0119_0085_0085.jpg 1 307 119 85 85
0138_0197_0141_0097_0097.jpg 1 197 141 97 97
0139_0247_0182_0175_0175.jpg 1 247 182 175 175
0140_0053_0311_0053_0053.jpg 1 53 311 53 53
0141_0145_0098_0173_0173.jpg 1 145 98 173 173
0142_0191_0032_0257_0257.jpg 1 191 32 257 257
0143_0297_0161_0082_0082.jpg 1 297 161 82 82
0144_0194_0087_0125_0125.jpg 1 194 87 125 125
0145_0130_0184_0184_0184.jpg 1 130 184 184 184
0146_0080_0034_0337_0337.jpg 1 80 34 337 337
0147_0103_0114_0326_0326.jpg 1 103 114 326 326
0148_0139_0062_0203_0203.jpg 1 139 62 203 203
0149_0214_0244_0143_0143.jpg 1 214 244 143 143
0150_0107_0134_0107_0107.jpg 1 107 134 107 107
0151_0316_0280_0099_0099.jpg 1 316 280 99 99
0152_0038_0040_0242_0242.jpg 1 38 40 242 242
0153_0216_0084_0163_0163.jpg 1 216 84 163 163
0154_0119_0050_0310_0310.jpg 1 119 50 310 310
0155_0198_0150_0244_0244.jpg 1 198 150 244 244
0156_0081_0105_0274_0274.jpg 1 81 105 274 274
0157_0056_0061_0261_0261.jpg 1 56 61 261 261
0158_0076_0022_0319_0319.jpg 1 76 22 319 319
0159_0255_0273_0154_0154.jpg 1 255 273 154 154
0160_0143_0139_0139_0139.jpg 1 143 139 139 139
0161_0093_0155_0045_0045.jpg 1 93 155 45 45
0162_0090_0219_0045_0045.jpg 1 90 219 45 45
0163_0163_0097_0270_0270.jpg 1 163 97 270 270
0164_0047_0042_0237_0237.jpg 1 47 42 237 237
0165_0050_0216_0205_0205.jpg 1 50 216 205 205
0166_0271_0091_0100_0100.jpg 1 271 91 100 100
0167_0182_0328_0051_0051.jpg 1 182 328 51 51
0168_0105_0177_0059_0059.jpg 1 105 177 59 59
0169_0260_0224_0034_0034.jpg 1 260 224 34 34
0170_0056_0026_0251_0251.jpg 1 56 26 251 251
0171_0115_0055_0235_0235.jpg 1 115 55 235 235
0172_0235_0189_0098_0098.jpg 1 235 189 98 98
0173_0027_0041_0272_0272.jpg 1 27 41 272 272
0174_0223_0262_0075_0075.jpg 1 223 262 75 75
0175_0045_0093_0339_0339.jpg 1 45 93 339 339
0176_0093_0089_0092_0092.jpg 1 93 89 92 92
0177_0303_0145_0091_0091.jpg 1 303 145 91 91
0178_0285_0247_0123_0123.jpg 1 285 247 123 123
0179_0072_0154_0215_0215.jpg 1 72 154 215 215
0180_0046_0342_0048_0048.jpg 1 46 342 48 48
0181_0259_0123_0132_0132.jpg 1 259 123 132 132
0182_0040_0066_0349_0349.jpg 1 40 66 349 349
0183_0159_0175_0034_0034.jpg 1 159 175 34 34
0184_0085_0057_0150_0150.jpg 1 85 57 150 150
0185_0074_0146_0222_0222.jpg 1 74 146 222 222
0186_0065_0084_0142_0142.jpg 1 65 84 142 142
0187_0120_0183_0224_0224.jpg 1 120 183 224 224
0188_0050_0125_0276_0276.jpg 1 50 125 276 276
0189_0101_0220_0111_0111.jpg 1 101 220 111 111
0190_0107_0326_0072_0072.jpg 1 107 326 72 72
0191_0137_0165_0275_0275.jpg 1 137 165 275 275
0192_0163_0090_0114_0114.jpg 1 163 90 114 114
0193_0062_0035_0328_0328.jpg 1 62 35 328 328
0194_0082_0066_0349_0349.jpg 1 82 66 349 349
0195_0075_0148_0065_0065.jpg 1 75 148 65 65
0196_0132_0124_0316_0316.jpg 1 132 124 316 316
0197_0075_0092_0134_0134.jpg 1 75 92 134 134
0198_0207_0231_0189_0189.jpg 1 207 231 189 189
0199_0218_0160_0188_0188.jpg 1 218 160 188 188
0200_0039_0060_0269_0269.jpg 1 39 60 269 269
0201_0221_0079_0215_0215.jpg 1 221 79 215 215
0202_0099_0183_0181_0181.jpg 1 99 183 181 181
0203_0040_0090_0349_0349.jpg 1 40 90 349 349
0204_0091_0075_0237_0237.jpg 1 91 75 237 237
0205_0087_0187_0169_0169.jpg 1 87 187 169 169
0206_0067_0033_0322_0322.jpg 1 67 33 322 322
0207_0151_0067_0268_0268.jpg 1 151 67 268 268
0208_0033_0143_0303_0303.jpg 1 33 143 303 303
0209_0070_0108_0344_0344.jpg 1 70 108 344 344
0210_0147_0191_0055_0055.jpg 1 147 191 55 55
0211_0221_0058_0045_0045.jpg 1 221 58 45 45
0212_0122_0157_0275_0275.jpg 1 122 157 275 275
0213_0159_0115_0033_0033.jpg 1 159 115 33 33
0214_0133_0044_0326_0326.jpg 1 133 44 326 326
0215_0208_0227_0171_0171.jpg 1 208 227 171 171
0216_0122_0186_0172_0172.jpg 1 122 186 172 172
0217_0219_0247_0183_0183.jpg 1 219 247 183 183
0218_0164_0055_0259_0259.jpg 1 164 55 259 259
0219_0262_0260_0105_0105.jpg 1 262 260 105 105
0220_0121_0239_0147_0147.jpg 1 121 239 147 147
0221_0269_0104_0102_0102.jpg 1 269 104 102 102
0222_0238_0038_0196_0196.jpg 1 238 38 196 196
0223_0056_0147_0043_0043.jpg 1 56 147 43 43
0224_0172_0159_0243_0243.jpg 1 172 159 243 243
0225_0032_0172_0211_0211.jpg 1 32 172 211 211
0226_0128_0092_0233_0233.jpg 1 128 92 233 233
0227_0244_0224_0155_0155.jpg 1 244 224 155 155
0228_0081_0301_0097_0097.jpg 1 81 301 97 97
0229_0080_0041_0331_0331.jpg 1 80 41 331 331
0230_0127_0128_0331_0331.jpg 1 127 128 331 331
0231_0082_0115_0301_0301.jpg 1 82 115 301 301
0232_0085_0193_0236_0236.jpg 1 85 193 236 236
0233_0047_0142_0201_0201.jpg 1 47 142 201 201
0234_0134_0038_0258_0258.jpg 1 134 38 258 258
0235_0079_0033_0284_0284.jpg 1 79 33 284 284
0236_0298_0233_0042_0042.jpg 1 298 233 42 42
0237_0086_0060_0135_0135.jpg 1 86 60 135 135
0238_0130_0132_0316_0316.jpg 1 130 132 316 316
0239_0044_0099_0348_0348.jpg 1 44 99 348 348
0240_0275_0262_0123_0123.jpg 1 275 262 123 123
0241_0223_0245_0186_0186.jpg 1 223 245 186 186
0242_0084_0211_0171_0171.jpg 1 84 211 171 171
0243_0067_0034_0296_0296.jpg 1 67 34 296 296
0244_0129_0119_0324_0324.jpg 1 129 119 324 324
0245_0206_0086_0214_0214.jpg 1 206 86 214 214
0246_0199_0227_0143_0143.jpg 1 199 227 143 143
0247_0060_0072_0345_0345.jpg 1 60 72 345 345
0248_0143_0161_0122_0122.jpg 1 143 161 122 122
0249_0198_0133_0104_0104.jpg 1 198 133 104 104
0250_0066_0084_0198_0198.jpg 1 66 84 198 198
0251_0069_0110_0283_0283.jpg 1 69 110 283 283
0252_0192_0119_0240_0240.jpg 1 192 119 240 240
0253_0065_0064_0149_0149.jpg 1 65 64 149 149
0254_0059_0083_0225_0225.jpg 1 59 83 225 225
0255_0299_0048_0107_0107.jpg 1 299 48 107 107
0256_0207_0182_0092_0092.jpg 1 207 182 92 92
0257_0155_0184_0221_0221.jpg 1 155 184 221 221
0258_0042_0052_0165_0165.jpg 1 42 52 165 165
0259_0133_0229_0042_0042.jpg 1 133 229 42 42
0260_0338_0316_0073_0073.jpg 1 338 316 73 73
0261_0233_0174_0124_0124.jpg 1 233 174 124 124
0262_0053_0105_0132_0132.jpg 1 53 105 132 132
0263_0152_0065_0291_0291.jpg 1 152 65 291 291
0264_0092_0153_0246_0246.jpg 1 92 153 246 246
0265_0142_0165_0246_0246.jpg 1 142 165 246 246
0266_0040_0275_0147_0147.jpg 1 40 275 147 147
0267_0346_0065_0058_0058.jpg 1 346 65 58 58
0268_0125_0202_0222_0222.jpg 1 125 202 222 222
0269_0055_0094_0264_0264.jpg 1 55 94 264 264
0270_0104_0043_0268_0268.jpg 1 104 43 268 268
0271_0156_0111_0223_0223.jpg 1 156 111 223 223
0272_0210_0295_0031_0031.jpg 1 210 295 31 31
0273_0038_0079_0300_0300.jpg 1 38 79 300 300
0274_0091_0299_0025_0025.jpg 1 91 299 25 25
0275_0081_0154_0183_0183.jpg 1 81 154 183 183
0276_0141_0062_0128_0128.jpg 1 141 62 128 128
0277_0084_0041_0278_0278.jpg 1 84 41 278 278
0278_0121_0280_0112_0112.jpg 1 121 280 112 112
0279_0144_0056_0100_0100.jpg 1 144 56 100 100
0280_0217_0080_0210_0210.jpg 1 217 80 210 210
0281_0104_0118_0335_0335.jpg 1 104 118 335 335
0282_0222_0189_0193_0193.jpg 1 222 189 193 193
0283_0117_0092_0321_0321.jpg 1 117 92 321 321
0284_0091_0122_0067_0067.jpg 1 91 122 67 67
0285_0212_0147_0171_0171.jpg 1 212 147 171 171
0286_0101_0070_0343_0343.jpg 1 101 70 343 343
0287_0029_0043_0287_0287.jpg 1 29 43 287 287
0288_0259_0223_0117_0117.jpg 1 259 223 117 117
0289_0122_0235_0120_0120.jpg 1 122 235 120 120
0290_0090_0058_0297_0297.jpg 1 90 58 297 297
0291_0119_0060_0277_0277.jpg 1 119 60 277 277
0292_0159_0163_0292_0292.jpg 1 159 163 292 292
0293_0201_0212_0091_0091.jpg 1 201 212 91 91
0294_0058_0120_0301_0301.jpg 1 58 120 301 301
0295_0109_0035_0304_0304.jpg 1 109 35 304 304
0296_0134_0237_0025_0025.jpg 1 134 237 25 25
0297_0151_0073_0196_0196.jpg 1 151 73 196 196
0298_0112_0126_0340_0340.jpg 1 112 126 340 340
0299_0149_0109_0310_0310.jpg 1 149 109 310 310
0300_0092_0110_0293_0293.jpg 1 92 110 293 293
0301_0043_0039_0296_0296.jpg 1 43 39 296 296
0302_0084_0068_0345_0345.jpg 1 84 68 345 345
0303_0030_0113_0343_0343.jpg 1 30 113 343 343
0304_0202_0101_0234_0234.jpg 1 202 101 234 234
0305_0307_0181_0078_0078.jpg 1 307 181 78 78
0306_0108_0135_0314_0314.jpg 1 108 135 314 314
0307_0030_0025_0292_0292.jpg 1 30 25 292 292
0308_0082_0116_0299_0299.jpg 1 82 116 299 299
0309_0124_0114_0330_0330.jpg 1 124 114 330 330
0310_0146_0151_0137_0137.jpg 1 146 151 137 137
0311_0304_0176_0059_0059.jpg 1 304 176 59 59
0312_0343_0169_0035_0035.jpg 1 343 169 35 35
0313_0344_0336_0054_0054.jpg 1 344 336 54 54
0314_0228_0121_0166_0166.jpg 1 228 121 166 166
0315_0079_0118_0268_0268.jpg 1 79 118 268 268
0316_0069_0122_0294_0294.jpg 1 69 122 294 294
0317_0129_0036_0324_0324.jpg 1 129 36 324 324
0318_0062_0137_0322_0322.jpg 1 62 137 322 322
0319_0270_0258_0032_0032.jpg 1 270 258 32 32
0320_0044_0173_0281_0281.jpg 1 44 173 281 281
0321_0298_0338_0057_0057.jpg 1 298 338 57 57
0322_0090_0245_0070_0070.jpg 1 90 245 70 70
0323_0055_0119_0305_0305.jpg 1 55 119 305 305
0324_0125_0151_0294_0294.jpg 1 125 151 294 294
0325_0082_0067_0268_0268.jpg 1 82 67 268 268
0326_0072_0119_0184_0184.jpg 1 72 119 184 184
0327_0138_0108_0275_0275.jpg 1 138 108 275 275
0328_0161_0062_0261_0261.jpg 1 161 62 261 261
0329_0028_0054_0243_0243.jpg 1 28 54 243 243
0330_0183_0210_0174_0174.jpg 1 183 210 174 174
0331_0085_0099_0147_0147.jpg 1 85 99 147 147
0332_0050_0079_0139_0139.jpg 1 50 79 139 139
0333_0080_0260_0106_0106.jpg 1 80 260 106 106
0334_0050_0030_0331_0331.jpg 1 50 30 331 331
0335_0121_0365_0029_0029.jpg 1 121 365 29 29
0336_0078_0047_0345_0345.jpg 1 78 47 345 345
0337_0071_0058_0256_0256.jpg 1 71 58 256 256
0338_0184_0111_0161_0161.jpg 1 184 111 161 161
0339_0133_0145_0085_0085.jpg 1 133 145 85 85
0340_0173_0252_0106_0106.jpg 1 173 252 106 106
0341_0095_0235_0124_0124.jpg 1 95 235 124 124
0342_0222_0082_0208_0208.jpg 1 222 82 208 208
0343_0054_0130_0097_0097.jpg 1 54 130 97 97
0344_0133_0055_0328_0328.jpg 1 133 55 328 328
0345_0080_0091_0251_0251.jpg 1 80 91 251 251
0346_0326_0250_0085_0085.jpg 1 326 250 85 85
0347_0079_0050_0189_0189.jpg 1 79 50 189 189
0348_0060_0087_0332_0332.jpg 1 60 87 332 332
0349_0060_0173_0281_0281.jpg 1 60 173 281 281
0350_0087_0118_0312_0312.jpg 1 87 118 312 312
0351_0113_0190_0219_0219.jpg 1 113 190 219 219
0352_0069_0179_0247_0247.jpg 1 69 179 247 247
0353_0096_0162_0047_0047.jpg 1 96 162 47 47
0354_0157_0220_0052_0052.jpg 1 157 220 52 52
0355_0064_0085_0346_0346.jpg 1 64 85 346 346
0356_0175_0064_0123_0123.jpg 1 175 64 123 123
0357_0055_0052_0212_0212.jpg 1 55 52 212 212
0358_0081_0115_0329_0329.jpg 1 81 115 329 329
0359_0048_0050_0231_0231.jpg 1 48 50 231 231
0360_0193_0104_0095_0095.jpg 1 193 104 95 95
0361_0131_0076_0241_0241.jpg 1 131 76 241 241
0362_0162_0122_0221_0221.jpg 1 162 122 221 221
0363_0075_0180_0203_0203.jpg 1 75 180 203 203
0364_0085_0114_0326_0326.jpg 1 85 114 326 326
0365_0108_0130_0067_0067.jpg 1 108 130 67 67
0366_0265_0287_0087_0087.jpg 1 265 287 87 87
0367_0162_0144_0096_0096.jpg 1 162 144 96 96
0368_0115_0322_0055_0055.jpg 1 115 322 55 55
0369_0205_0162_0223_0223.jpg 1 205 162 223 223
0370_0193_0130_0158_0158.jpg 1 193 130 158 158
0371_0287_0224_0082_0082.jpg 1 287 224 82 82
0372_0087_0022_0304_0304.jpg 1 87 22 304 304
0373_0089_0236_0175_0175.jpg 1 89 236 175 175
0374_0144_0117_0235_0235.jpg 1 144 117 235 235
0375_0166_0141_0210_0210.jpg 1 166 141 210 210
0376_0225_0339_0034_0034.jpg 1 225 339 34 34
0377_0109_0058_0187_0187.jpg 1 109 58 187 187
0378_0109_0055_0145_0145.jpg 1 109 55 145 145
0379_0097_0270_0104_0104.jpg 1 97 270 104 104
0380_0213_0127_0032_0032.jpg 1 213 127 32 32
0381_0194_0073_0171_0171.jpg 1 194 73 171 171
0382_0147_0086_0164_0164.jpg 1 147 86 164 164
0383_0114_0079_0117_0117.jpg 1 114 79 117 117
0384_0131_0124_0312_0312.jpg 1 131 124 312 312
0385_0115_0126_0220_0220.jpg 1 115 126 220 220
0386_0141_0046_0256_0256.jpg 1 141 46 256 256
0387_0108_0140_0281_0281.jpg 1 108 140 281 281
0388_0130_0066_0242_0242.jpg 1 130 66 242 242
0389_0100_0085_0037_0037.jpg 1 100 85 37 37
0390_0109_0136_0252_0252.jpg 1 109 136 252 252
0391_0150_0228_0190_0190.jpg 1 150 228 190 190
0392_0126_0139_0225_0225.jpg 1 126 139 225 225
0393_0062_0113_0166_0166.jpg 1 62 113 166 166
0394_0042_0154_0258_0258.jpg 1 42 154 258 258
0395_0071_0155_0290_0290.jpg 1 71 155 290 290
0396_0156_0108_0180_0180.jpg 1 156 108 180 180
0397_0079_0112_0339_0339.jpg 1 79 112 339 339
0398_0102_0092_0242_0242.jpg 1 102 92 242 242
0399_0195_0154_0213_0213.jpg 1 195 154 213 213
0400_0081_0067_0347_0347.jpg 1 81 67 347 347
0401_0137_0038_0248_0248.jpg 1 137 38 248 248
0402_0024_0122_0260_0260.jpg 1 24 122 260 260
0403_0118_0270_0147_0147.jpg 1 118 270 147 147
0404_0215_0336_0052_0052.jpg 1 215 336 52 52
0405_0219_0176_0164_0164.jpg 1 219 176 164 164
0406_0119_0110_0262_0262.jpg 1 119 110 262 262
0407_0042_0091_0082_0082.jpg 1 42 91 82 82
0408_0283_0266_0026_0026.jpg 1 283 266 26 26
0409_0126_0016_0341_0341.jpg 1 126 16 341 341
0410_0171_0315_0092_0092.jpg 1 171 315 92 92
0411_0171_0151_0119_0119.jpg 1 171 151 119 119
0412_0228_0103_0088_0088.jpg 1 228 103 88 88
0413_0079_0276_0138_0138.jpg 1 79 276 138 138
0414_0068_0042_0329_0329.jpg 1 68 42 329 329
0415_0036_0022_0349_0349.jpg 1 36 22 349 349
0416_0164_0059_0098_0098.jpg 1 164 59 98 98
0417_0138_0094_0141_0141.jpg 1 138 94 141 141
0418_0257_0108_0142_0142.jpg 1 257 108 142 142
0419_0036_0132_0242_0242.jpg 1 36 132 242 242
0420_0105_0150_0206_0206.jpg 1 105 150 206 206
0421_0102_0129_0331_0331.jpg 1 102 129 331 331
0422_0037_0084_0314_0314.jpg 1 37 84 314 314
0423_0096_0218_0217_0217.jpg 1 96 218 217 217
0424_0249_0121_0042_0042.jpg 1 249 121 42 42
0425_0042_0058_0281_0281.jpg 1 42 58 281 281
0426_0168_0136_0158_0158.jpg 1 168 136 158 158
0427_0022_0096_0314_0314.jpg 1 22 96 314 314
0428_0090_0081_0261_0261.jpg 1 90 81 261 261
0429_0284_0222_0133_0133.jpg 1 284 222 133 133
0430_0144_0104_0085_0085.jpg 1 144 104 85 85
0431_0150_0104_0074_0074.jpg 1 150 104 74 74
0432_0148_0050_0213_0213.jpg 1 148 50 213 213
0433_0087_0309_0067_0067.jpg 1 87 309 67 67
0434_0070_0095_0179_0179.jpg 1 70 95 179 179
0435_0216_0087_0194_0194.jpg 1 216 87 194 194
0436_0059_0123_0092_0092.jpg 1 59 123 92 92
0437_0081_0171_0273_0273.jpg 1 81 171 273 273
0438_0060_0197_0186_0186.jpg 1 60 197 186 186
0439_0145_0041_0310_0310.jpg 1 145 41 310 310
0440_0061_0108_0044_0044.jpg 1 61 108 44 44
0441_0164_0039_0266_0266.jpg 1 164 39 266 266
0442_0187_0164_0242_0242.jpg 1 187 164 242 242
0443_0041_0062_0173_0173.jpg 1 41 62 173 173
0444_0171_0243_0108_0108.jpg 1 171 243 108 108
0445_0144_0044_0263_0263.jpg 1 144 44 263 263
0446_0227_0084_0134_0134.jpg 1 227 84 134 134
0447_0164_0053_0171_0171.jpg 1 164 53 171 171
0448_0072_0106_0337_0337.jpg 1 72 106 337 337
0449_0102_0204_0231_0231.jpg 1 102 204 231 231
0450_0115_0116_0279_0279.jpg 1 115 116 279 279
0451_0163_0081_0286_0286.jpg 1 163 81 286 286
0452_0101_0073_0304_0304.jpg 1 101 73 304 304
0453_0071_0139_0183_0183.jpg 1 71 139 183 183
0454_0049_0156_0097_0097.jpg 1 49 156 97 97
0455_0224_0273_0046_0046.jpg 1 224 273 46 46
0456_0262_0217_0066_0066.jpg 1 262 217 66 66
0457_0056_0147_0308_0308.jpg 1 56 147 308 308
0458_0129_0152_0266_0266.jpg 1 129 152 266 266
0459_0163_0127_0225_0225.jpg 1 163 127 225 225
0460_0151_0114_0271_0271.jpg 1 151 114 271 271
0461_0218_0053_0077_0077.jpg 1 218 53 77 77
0462_0174_0045_0189_0189.jpg 1 174 45 189 189
0463_0191_0216_0203_0203.jpg 1 191 216 203 203
0464_0061_0119_0328_0328.jpg 1 61 119 328 328
0465_0087_0115_0325_0325.jpg 1 87 115 325 325
0466_0099_0360_0025_0025.jpg 1 99 360 25 25
0467_0138_0108_0297_0297.jpg 1 138 108 297 297
0468_0151_0135_0042_0042.jpg 1 151 135 42 42
0469_0290_0122_0132_0132.jpg 1 290 122 132 132
0470_0126_0098_0329_0329.jpg 1 126 98 329 329
0471_0062_0231_0144_0144.jpg 1 62 231 144 144
0472_0192_0101_0029_0029.jpg 1 192 101 29 29
0473_0135_0200_0090_0090.jpg 1 135 200 90 90
0474_0122_0143_0091_0091.jpg 1 122 143 91 91
0475_0130_0106_0249_0249.jpg 1 130 106 249 249
0476_0338_0343_0048_0048.jpg 1 338 343 48 48
0477_0133_0094_0164_0164.jpg 1 133 94 164 164
0478_0160_0039_0260_0260.jpg 1 160 39 260 260
0479_0235_0217_0118_0118.jpg 1 235 217 118 118
0480_0167_0319_0079_0079.jpg 1 167 319 79 79
0481_0188_0090_0126_0126.jpg 1 188 90 126 126
0482_0230_0114_0071_0071.jpg 1 230 114 71 71
0483_0142_0042_0239_0239.jpg 1 142 42 239 239
0484_0147_0053_0303_0303.jpg 1 147 53 303 303
0485_0269_0042_0139_0139.jpg 1 269 42 139 139
0486_0142_0087_0277_0277.jpg 1 142 87 277 277
0487_0248_0106_0153_0153.jpg 1 248 106 153 153
0488_0118_0027_0334_0334.jpg 1 118 27 334 334
0489_0087_0085_0314_0314.jpg 1 87 85 314 314
0490_0300_0096_0104_0104.jpg 1 300 96 104 104
0491_0220_0138_0132_0132.jpg 1 220 138 132 132
0492_0146_0030_0250_0250.jpg 1 146 30 250 250
0493_0188_0081_0148_0148.jpg 1 188 81 148 148
0494_0129_0124_0307_0307.jpg 1 129 124 307 307
0495_0187_0094_0213_0213.jpg 1 187 94 213 213
0496_0100_0199_0169_0169.jpg 1 100 199 169 169
0497_0113_0074_0349_0349.jpg 1 113 74 349 349
0498_0037_0132_0271_0271.jpg 1 37 132 271 271
0499_0267_0092_0038_0038.jpg 1 267 92 38 38
0500_0071_0099_0275_0275.jpg 1 71 99 275 275
0501_0322_0051_0072_0072.jpg 1 322 51 72 72
0502_0119_0065_0316_0316.jpg 1 119 65 316 316
0503_0041_0166_0104_0104.jpg 1 41 166 104 104
0504_0340_0163_0036_0036.jpg 1 340 163 36 36
0505_0026_0034_0343_0343.jpg 1 26 34 343 343
0506_0354_0061_0026_0026.jpg 1 354 61 26 26
0507_0260_0223_0130_0130.jpg 1 260 223 130 130
0508_0054_0152_0250_0250.jpg 1 54 152 250 250
0509_0039_0054_0220_0220.jpg 1 39 54 220 220
0510_0141_0116_0270_0270.jpg 1 141 116 270 270
0511_0139_0119_0123_0123.jpg 1 139 119 123 123
0512_0279_0121_0095_0095.jpg 1 279 121 95 95
0513_0173_0113_0133_0133.jpg 1 173 113 133 133
0514_0089_0219_0093_0093.jpg 1 89 219 93 93
0515_0154_0066_0113_0113.jpg 1 154 66 113 113
0516_0098_0238_0170_0170.jpg 1 98 238 170 170
0517_0116_0084_0288_0288.jpg 1 116 84 288 288
0518_0306_0265_0080_0080.jpg 1 306 265 80 80
0519_0172_0186_0210_0210.jpg 1 172 186 210 210
0520_0248_0121_0079_0079.jpg 1 248 121 79 79
0521_0201_0145_0220_0220.jpg 1 201 145 220 220
0522_0029_0161_0279_0279.jpg 1 29 161 279 279
0523_0178_0093_0270_0270.jpg 1 178 93 270 270
0524_0113_0086_0335_0335.jpg 1 113 86 335 335
0525_0068_0121_0318_0318.jpg 1 68 121 318 318
0526_0338_0136_0034_0034.jpg 1 338 136 34 34
0527_0258_0333_0071_0071.jpg 1 258 333 71 71
0528_0331_0257_0056_0056.jpg 1 331 257 56 56
0529_0140_0135_0081_0081.jpg 1 140 135 81 81
0530_0182_0194_0138_0138.jpg 1 182 194 138 138
0531_0117_0026_0318_0318.jpg 1 117 26 318 318
0532_0095_0261_0055_0055.jpg 1 95 261 55 55
0533_0225_0214_0062_0062.jpg 1 225 214 62 62
0534_0185_0075_0214_0214.jpg 1 185 75 214 214
0535_0073_0175_0144_0144.jpg 1 73 175 144 144
0536_0088_0141_0277_0277.jpg 1 88 141 277 277
0537_0196_0229_0162_0162.jpg 1 196 229 162 162
0538_0137_0114_0299_0299.jpg 1 137 114 299 299
0539_0077_0235_0026_0026.jpg 1 77 235 26 26
0540_0277_0227_0139_0139.jpg 1 277 227 139 139
0541_0102_0134_0325_0325.jpg 1 102 134 325 325
0542_0161_0062_0080_0080.jpg 1 161 62 80 80
0543_0334_0136_0075_0075.jpg 1 334 136 75 75
0544_0103_0118_0284_0284.jpg 1 103 118 284 284
0545_0115_0196_0253_0253.jpg 1 115 196 253 253
0546_0070_0208_0183_0183.jpg 1 70 208 183 183
0547_0084_0165_0128_0128.jpg 1 84 165 128 128
0548_0148_0084_0311_0311.jpg 1 148 84 311 311
0549_0038_0179_0255_0255.jpg 1 38 179 255 255
0550_0321_0226_0047_0047.jpg 1 321 226 47 47
0551_0229_0164_0210_0210.jpg 1 229 164 210 210
0552_0120_0156_0054_0054.jpg 1 120 156 54 54
0553_0251_0037_0164_0164.jpg 1 251 37 164 164
0554_0152_0225_0135_0135.jpg 1 152 225 135 135
0555_0049_0214_0050_0050.jpg 1 49 214 50 50
0556_0079_0055_0301_0301.jpg 1 79 55 301 301
0557_0123_0116_0286_0286.jpg 1 123 116 286 286
0558_0091_0104_0326_0326.jpg 1 91 104 326 326
0559_0030_0051_0261_0261.jpg 1 30 51 261 261
0560_0102_0121_0248_0248.jpg 1 102 121 248 248
0561_0275_0113_0118_0118.jpg 1 275 113 118 118
0562_0242_0099_0140_0140.jpg 1 242 99 140 140
0563_0048_0189_0231_0231.jpg 1 48 189 231 231
0564_0098_0053_0207_0207.jpg 1 98 53 207 207
0565_0101_0047_0271_0271.jpg 1 101 47 271 271
0566_0277_0312_0055_0055.jpg 1 277 312 55 55
0567_0044_0239_0145_0145.jpg 1 44 239 145 145
0568_0067_0053_0027_0027.jpg 1 67 53 27 27
0569_0252_0223_0170_0170.jpg 1 252 223 170 170
0570_0074_0254_0025_0025.jpg 1 74 254 25 25
0571_0157_0228_0079_0079.jpg 1 157 228 79 79
0572_0109_0196_0141_0141.jpg 1 109 196 141 141
0573_0086_0195_0067_0067.jpg 1 86 195 67 67
0574_0151_0105_0288_0288.jpg 1 151 105 288 288
0575_0310_0066_0109_0109.jpg 1 310 66 109 109
0576_0267_0245_0039_0039.jpg 1 267 245 39 39
0577_0240_0103_0197_0197.jpg 1 240 103 197 197
0578_0171_0086_0274_0274.jpg 1 171 86 274 274
0579_0149_0139_0272_0272.jpg 1 149 139 272 272
0580_0172_0146_0065_0065.jpg 1 172 146 65 65
0581_0046_0251_0097_0097.jpg 1 46 251 97 97
0582_0061_0080_0304_0304.jpg 1 61 80 304 304
0583_0367_0293_0024_0024.jpg 1 367 293 24 24
0584_0102_0258_0050_0050.jpg 1 102 258 50 50
0585_0262_0271_0144_0144.jpg 1 262 271 144 144
0586_0359_0287_0049_0049.jpg 1 359 287 49 49
0587_0057_0110_0248_0248.jpg 1 57 110 248 248
0588_0122_0075_0146_0146.jpg 1 122 75 146 146
0589_0155_0251_0064_0064.jpg 1 155 251 64 64
0590_0141_0067_0155_0155.jpg 1 141 67 155 155
0591_0092_0333_0083_0083.jpg 1 92 333 83 83
0592_0310_0292_0093_0093.jpg 1 310 292 93 93
0593_0246_0241_0146_0146.jpg 1 246 241 146 146
0594_0115_0219_0029_0029.jpg 1 115 219 29 29
0595_0048_0198_0180_0180.jpg 1 48 198 180 180
0596_0297_0167_0119_0119.jpg 1 297 167 119 119
0597_0337_0066_0050_0050.jpg 1 337 66 50 50
0598_0033_0142_0322_0322.jpg 1 33 142 322 322
0599_0122_0100_0321_0321.jpg 1 122 100 321 321
0600_0363_0091_0036_0036.jpg 1 363 91 36 36
0601_0287_0051_0136_0136.jpg 1 287 51 136 136
0602_0274_0267_0131_0131.jpg 1 274 267 131 131
0603_0114_0124_0268_0268.jpg 1 114 124 268 268
0604_0165_0188_0205_0205.jpg 1 165 188 205 205
0605_0092_0072_0283_0283.jpg 1 92 72 283 283
0606_0164_0217_0037_0037.jpg 1 164 217 37 37
0607_0148_0077_0265_0265.jpg 1 148 77 265 265
0608_0060_0326_0074_0074.jpg 1 60 326 74 74
0609_0236_0118_0187_0187.jpg 1 236 118 187 187
0610_0019_0148_0313_0313.jpg 1 19 148 313 313
0611_0110_0068_0075_0075.jpg 1 110 68 75 75
0612_0195_0177_0254_0254.jpg 1 195 177 254 254
0613_0176_0050_0134_0134.jpg 1 176 50 134 134
0614_0191_0122_0233_0233.jpg 1 191 122 233 233
0615_0190_0057_0204_0204.jpg 1 190 57 204 204
0616_0085_0071_0308_0308.jpg 1 85 71 308 308
0617_0103_0115_0348_0348.jpg 1 103 115 348 348
0618_0049_0076_0237_0237.jpg 1 49 76 237 237
0619_0045_0045_0291_0291.jpg 1 45 45 291 291
0620_0143_0185_0065_0065.jpg 1 143 185 65 65
0621_0111_0088_0288_0288.jpg 1 111 88 288 288
0622_0149_0197_0192_0192.jpg 1 149 197 192 192
0623_0368_0088_0039_0039.jpg 1 368 88 39 39
0624_0274_0273_0106_0106.jpg 1 274 273 106 106
0625_0084_0058_0300_0300.jpg 1 84 58 300 300
0626_0115_0050_0239_0239.jpg 1 115 50 239 239
0627_0097_0240_0198_0198.jpg 1 97 240 198 198
0628_0052_0029_0307_0307.jpg 1 52 29 307 307
0629_0046_0254_0161_0161.jpg 1 46 254 161 161
0630_0130_0206_0119_0119.jpg 1 130 206 119 119
0631_0047_0024_0283_0283.jpg 1 47 24 283 283
0632_0095_0198_0030_0030.jpg 1 95 198 30 30
0633_0149_0105_0253_0253.jpg 1 149 105 253 253
0634_0267_0176_0094_0094.jpg 1 267 176 94 94
0635_0321_0144_0044_0044.jpg 1 321 144 44 44
0636_0169_0121_0209_0209.jpg 1 169 121 209 209
0637_0261_0182_0120_0120.jpg 1 261 182 120 120
0638_0181_0189_0140_0140.jpg 1 181 189 140 140
0639_0083_0197_0156_0156.jpg 1 83 197 156 156
0640_0050_0123_0328_0328.jpg 1 50 123 328 328
0641_0037_0022_0330_0330.jpg 1 37 22 330 330
0642_0049_0050_0195_0195.jpg 1 49 50 195 195
0643_0069_0073_0327_0327.jpg 1 69 73 327 327
0644_0176_0066_0253_0253.jpg 1 176 66 253 253
0645_0113_0024_0322_0322.jpg 1 113 24 322 322
0646_0116_0041_0319_0319.jpg 1 116 41 319 319
0647_0053_0117_0280_0280.jpg 1 53 117 280 280
0648_0097_0140_0251_0251.jpg 1 97 140 251 251
0649_0080_0236_0197_0197.jpg 1 80 236 197 197
0650_0108_0170_0131_0131.jpg 1 108 170 131 131
0651_0227_0201_0213_0213.jpg 1 227 201 213 213
0652_0231_0163_0141_0141.jpg 1 231 163 141 141
0653_0101_0087_0252_0252.jpg 1 101 87 252 252
0654_0263_0184_0141_0141.jpg 1 263 184 141 141
0655_0078_0022_0302_0302.jpg 1 78 22 302 302
0656_0145_0229_0106_0106.jpg 1 145 229 106 106
0657_0151_0028_0228_0228.jpg 1 151 28 228 228
0658_0353_0248_0057_0057.jpg 1 353 248 57 57
0659_0197_0075_0251_0251.jpg 1 197 75 251 251
0660_0048_0090_0157_0157.jpg 1 48 90 157 157
0661_0234_0106_0119_0119.jpg 1 234 106 119 119
0662_0110_0288_0064_0064.jpg 1 110 288 64 64
0663_0118_0206_0067_0067.jpg 1 118 206 67 67
0664_0186_0120_0064_0064.jpg 1 186 120 64 64
0665_0149_0032_0232_0232.jpg 1 149 32 232 232
0666_0109_0191_0121_0121.jpg 1 109 191 121 121
0667_0135_0179_0038_0038.jpg 1 135 179 38 38
0668_0214_0259_0163_0163.jpg 1 214 259 163 163
0669_0343_0196_0062_0062.jpg 1 343 196 62 62
0670_0133_0170_0157_0157.jpg 1 133 170 157 157
0671_0227_0211_0104_0104.jpg 1 227 211 104 104
0672_0018_0086_0341_0341.jpg 1 18 86 341 341
0673_0280_0107_0125_0125.jpg 1 280 107 125 125
0674_0203_0119_0097_0097.jpg 1 203 119 97 97
0675_0134_0257_0157_0157.jpg 1 134 257 157 157
0676_0075_0030_0336_0336.jpg 1 75 30 336 336
0677_0087_0051_0028_0028.jpg 1 87 51 28 28
0678_0153_0271_0107_0107.jpg 1 153 271 107 107
0679_0235_0270_0070_0070.jpg 1 235 270 70 70
0680_0144_0155_0212_0212.jpg 1 144 155 212 212
0681_0093_0256_0140_0140.jpg 1 93 256 140 140
0682_0085_0128_0305_0305.jpg 1 85 128 305 305
0683_0097_0104_0283_0283.jpg 1 97 104 283 283
0684_0115_0277_0072_0072.jpg 1 115 277 72 72
0685_0145_0179_0253_0253.jpg 1 145 179 253 253
0686_0039_0218_0216_0216.jpg 1 39 218 216 216
0687_0083_0237_0146_0146.jpg 1 83 237 146 146
0688_0294_0229_0132_0132.jpg 1 294 229 132 132
0689_0112_0184_0246_0246.jpg 1 112 184 246 246
0690_0221_0243_0154_0154.jpg 1 221 243 154 154
0691_0179_0199_0224_0224.jpg 1 179 199 224 224
0692_0237_0043_0135_0135.jpg 1 237 43 135 135
0693_0131_0211_0136_0136.jpg 1 131 211 136 136
0694_0068_0047_0281_0281.jpg 1 68 47 281 281
0695_0129_0074_0103_0103.jpg 1 129 74 103 103
0696_0173_0073_0277_0277.jpg 1 173 73 277 277
0697_0116_0075_0169_0169.jpg 1 116 75 169 169
0698_0162_0040_0283_0283.jpg 1 162 40 283 283
0699_0091_0109_0318_0318.jpg 1 91 109 318 318
0700_0220_0236_0136_0136.jpg 1 220 236 136 136
0701_0032_0100_0312_0312.jpg 1 32 100 312 312
0702_0059_0299_0028_0028.jpg 1 59 299 28 28
0703_0074_0029_0251_0251.jpg 1 74 29 251 251
0704_0255_0101_0036_0036.jpg 1 255 101 36 36
0705_0142_0103_0210_0210.jpg 1 142 103 210 210
0706_0205_0158_0024_0024.jpg 1 205 158 24 24
0707_0207_0231_0030_0030.jpg 1 207 231 30 30
0708_0113_0034_0324_0324.jpg 1 113 34 324 324
0709_0063_0154_0139_0139.jpg 1 63 154 139 139
0710_0106_0216_0174_0174.jpg 1 106 216 174 174
0711_0053_0122_0344_0344.jpg 1 53 122 344 344
0712_0041_0190_0240_0240.jpg 1 41 190 240 240
0713_0168_0139_0263_0263.jpg 1 168 139 263 263
0714_0175_0038_0196_0196.jpg 1 175 38 196 196
0715_0199_0067_0196_0196.jpg 1 199 67 196 196
0716_0366_0224_0026_0026.jpg 1 366 224 26 26
0717_0154_0089_0294_0294.jpg 1 154 89 294 294
0718_0105_0312_0038_0038.jpg 1 105 312 38 38
0719_0235_0229_0156_0156.jpg 1 235 229 156 156
0720_0102_0091_0294_0294.jpg 1 102 91 294 294
0721_0172_0249_0120_0120.jpg 1 172 249 120 120
0722_0025_0106_0270_0270.jpg 1 25 106 270 270
0723_0209_0195_0038_0038.jpg 1 209 195 38 38
0724_0184_0211_0138_0138.jpg 1 184 211 138 138
0725_0039_0048_0323_0323.jpg 1 39 48 323 323
0726_0064_0144_0208_0208.jpg 1 64 144 208 208
0727_0215_0038_0200_0200.jpg 1 215 38 200 200
0728_0070_0075_0332_0332.jpg 1 70 75 332 332
0729_0135_0113_0142_0142.jpg 1 135 113 142 142
0730_0203_0093_0185_0185.jpg 1 203 93 185 185
0731_0081_0106_0304_0304.jpg 1 81 106 304 304
0732_0222_0214_0202_0202.jpg 1 222 214 202 202
0733_0137_0137_0310_0310.jpg 1 137 137 310 310
0734_0122_0190_0182_0182.jpg 1 122 190 182 182
0735_0173_0295_0041_0041.jpg 1 173 295 41 41
0736_0038_0061_0346_0346.jpg 1 38 61 346 346
0737_0038_0129_0286_0286.jpg 1 38 129 286 286
0738_0056_0167_0085_0085.jpg 1 56 167 85 85
0739_0328_0159_0052_0052.jpg 1 328 159 52 52
0740_0094_0205_0212_0212.jpg 1 94 205 212 212
0741_0224_0332_0066_0066.jpg 1 224 332 66 66
0742_0215_0354_0037_0037.jpg 1 215 354 37 37
0743_0108_0219_0168_0168.jpg 1 108 219 168 168
0744_0039_0091_0329_0329.jpg 1 39 91 329 329
0745_0200_0057_0100_0100.jpg 1 200 57 100 100
0746_0138_0202_0092_0092.jpg 1 138 202 92 92
0747_0116_0081_0333_0333.jpg 1 116 81 333 333
0748_0217_0213_0090_0090.jpg 1 217 213 90 90
0749_0079_0148_0287_0287.jpg 1 79 148 287 287
0750_0096_0121_0345_0345.jpg 1 96 121 345 345
0751_0158_0026_0266_0266.jpg 1 158 26 266 266
0752_0288_0344_0027_0027.jpg 1 288 344 27 27
0753_0258_0050_0105_0105.jpg 1 258 50 105 105
0754_0040_0134_0172_0172.jpg 1 40 134 172 172
0755_0103_0082_0321_0321.jpg 1 103 82 321 321
0756_0129_0192_0049_0049.jpg 1 129 192 49 49
0757_0174_0130_0263_0263.jpg 1 174 130 263 263
0758_0061_0120_0295_0295.jpg 1 61 120 295 295
0759_0165_0219_0212_0212.jpg 1 165 219 212 212
0760_0250_0274_0062_0062.jpg 1 250 274 62 62
0761_0143_0087_0068_0068.jpg 1 143 87 68 68
0762_0095_0017_0348_0348.jpg 1 95 17 348 348
0763_0105_0045_0217_0217.jpg 1 105 45 217 217
0764_0229_0192_0176_0176.jpg 1 229 192 176 176
0765_0192_0046_0178_0178.jpg 1 192 46 178 178
0766_0267_0162_0153_0153.jpg 1 267 162 153 153
0767_0180_0258_0070_0070.jpg 1 180 258 70 70
0768_0105_0045_0205_0205.jpg 1 105 45 205 205
0769_0192_0235_0123_0123.jpg 1 192 235 123 123
0770_0215_0199_0114_0114.jpg 1 215 199 114 114
0771_0307_0231_0054_0054.jpg 1 307 231 54 54
0772_0099_0233_0044_0044.jpg 1 99 233 44 44
0773_0129_0033_0338_0338.jpg 1 129 33 338 338
0774_0072_0035_0340_0340.jpg 1 72 35 340 340
0775_0200_0233_0132_0132.jpg 1 200 233 132 132
0776_0118_0319_0049_0049.jpg 1 118 319 49 49
0777_0204_0097_0201_0201.jpg 1 204 97 201 201
0778_0077_0083_0303_0303.jpg 1 77 83 303 303
0779_0024_0155_0269_0269.jpg 1 24 155 269 269
0780_0153_0072_0305_0305.jpg 1 153 72 305 305
0781_0184_0093_0255_0255.jpg 1 184 93 255 255
0782_0144_0240_0062_0062.jpg 1 144 240 62 62
0783_0223_0149_0096_0096.jpg 1 223 149 96 96
0784_0038_0113_0319_0319.jpg 1 38 113 319 319
0785_0336_0316_0057_0057.jpg 1 336 316 57 57
0786_0277_0341_0060_0060.jpg 1 277 341 60 60
0787_0150_0100_0302_0302.jpg 1 150 100 302 302
0788_0136_0137_0210_0210.jpg 1 136 137 210 210
0789_0297_0100_0086_0086.jpg 1 297 100 86 86
0790_0146_0054_0050_0050.jpg 1 146 54 50 50
0791_0080_0131_0203_0203.jpg 1 80 131 203 203
0792_0111_0097_0268_0268.jpg 1 111 97 268 268
0793_0207_0223_0162_0162.jpg 1 207 223 162 162
0794_0160_0312_0046_0046.jpg 1 160 312 46 46
0795_0062_0162_0267_0267.jpg 1 62 162 267 267
0796_0042_0045_0217_0217.jpg 1 42 45 217 217
0797_0136_0264_0072_0072.jpg 1 136 264 72 72
0798_0110_0133_0135_0135.jpg 1 110 133 135 135
0799_0029_0036_0240_0240.jpg 1 29 36 240 240
0800_0303_0242_0029_0029.jpg 1 303 242 29 29
0801_0067_0088_0322_0322.jpg 1 67 88 322 322
0802_0066_0062_0326_0326.jpg 1 66 62 326 326
0803_0124_0036_0322_0322.jpg 1 124 36 322 322
0804_0250_0096_0058_0058.jpg 1 250 96 58 58
0805_0043_0059_0312_0312.jpg 1 43 59 312 312
0806_0261_0166_0137_0137.jpg 1 261 166 137 137
0807_0180_0138_0029_0029.jpg 1 180 138 29 29
0808_0090_0199_0065_0065.jpg 1 90 199 65 65
0809_0112_0305_0041_0041.jpg 1 112 305 41 41
0810_0097_0065_0187_0187.jpg 1 97 65 187 187
0811_0085_0105_0209_0209.jpg 1 85 105 209 209
0812_0166_0106_0284_0284.jpg 1 166 106 284 284
0813_0137_0280_0128_0128.jpg 1 137 280 128 128
0814_0264_0134_0151_0151.jpg 1 264 134 151 151
0815_0097_0047_0252_0252.jpg 1 97 47 252 252
0816_0020_0039_0317_0317.jpg 1 20 39 317 317
0817_0119_0272_0140_0140.jpg 1 119 272 140 140
0818_0279_0162_0125_0125.jpg 1 279 162 125 125
0819_0119_0141_0158_0158.jpg 1 119 141 158 158
0820_0107_0208_0131_0131.jpg 1 107 208 131 131
0821_0069_0200_0117_0117.jpg 1 69 200 117 117
0822_0033_0110_0218_0218.jpg 1 33 110 218 218
0823_0134_0140_0312_0312.jpg 1 134 140 312 312
0824_0042_0068_0237_0237.jpg 1 42 68 237 237
0825_0202_0081_0234_0234.jpg 1 202 81 234 234
0826_0150_0290_0130_0130.jpg 1 150 290 130 130
0827_0092_0230_0185_0185.jpg 1 92 230 185 185
0828_0072_0104_0335_0335.jpg 1 72 104 335 335
0829_0024_0021_0295_0295.jpg 1 24 21 295 295
0830_0042_0252_0135_0135.jpg 1 42 252 135 135
0831_0123_0092_0181_0181.jpg 1 123 92 181 181
0832_0188_0098_0207_0207.jpg 1 188 98 207 207
0833_0165_0080_0039_0039.jpg 1 165 80 39 39
0834_0197_0306_0116_0116.jpg 1 197 306 116 116
0835_0183_0290_0084_0084.jpg 1 183 290 84 84
0836_0124_0064_0206_0206.jpg 1 124 64 206 206
0837_0050_0284_0140_0140.jpg 1 50 284 140 140
0838_0089_0117_0041_0041.jpg 1 89 117 41 41
0839_0144_0164_0253_0253.jpg 1 144 164 253 253
0840_0052_0243_0026_0026.jpg 1 52 243 26 26
0841_0226_0074_0137_0137.jpg 1 226 74 137 137
0842_0104_0121_0316_0316.jpg 1 104 121 316 316
0843_0130_0091_0101_0101.jpg 1 130 91 101 101
0844_0238_0061_0088_0088.jpg 1 238 61 88 88
0845_0130_0121_0239_0239.jpg 1 130 121 239 239
0846_0258_0041_0090_0090.jpg 1 258 41 90 90
0847_0131_0097_0235_0235.jpg 1 131 97 235 235
0848_0190_0263_0029_0029.jpg 1 190 263 29 29
0849_0057_0139_0109_0109.jpg 1 57 139 109 109
0850_0316_0346_0040_0040.jpg 1 316 346 40 40
0851_0176_0136_0266_0266.jpg 1 176 136 266 266
0852_0050_0210_0123_0123.jpg 1 50 210 123 123
0853_0140_0314_0086_0086.jpg 1 140 314 86 86
0854_0042_0041_0140_0140.jpg 1 42 41 140 140
0855_0193_0199_0205_0205.jpg 1 193 199 205 205
0856_0096_0176_0132_0132.jpg 1 96 176 132 132
0857_0073_0083_0250_0250.jpg 1 73 83 250 250
0858_0080_0266_0077_0077.jpg 1 80 266 77 77
0859_0094_0175_0267_0267.jpg 1 94 175 267 267
0860_0088_0065_0325_0325.jpg 1 88 65 325 325
0861_0055_0291_0034_0034.jpg 1 55 291 34 34
0862_0163_0081_0052_0052.jpg 1 163 81 52 52
0863_0115_0142_0248_0248.jpg 1 115 142 248 248
0864_0076_0110_0336_0336.jpg 1 76 110 336 336
0865_0222_0112_0208_0208.jpg 1 222 112 208 208
0866_0160_0112_0234_0234.jpg 1 160 112 234 234
0867_0112_0075_0151_0151.jpg 1 112 75 151 151
0868_0037_0087_0163_0163.jpg 1 37 87 163 163
0869_0098_0095_0086_0086.jpg 1 98 95 86 86
0870_0178_0032_0248_0248.jpg 1 178 32 248 248
0871_0084_0100_0138_0138.jpg 1 84 100 138 138
0872_0228_0208_0194_0194.jpg 1 228 208 194 194
0873_0297_0155_0042_0042.jpg 1 297 155 42 42
0874_0086_0150_0222_0222.jpg 1 86 150 222 222
0875_0264_0109_0067_0067.jpg 1 264 109 67 67
0876_0099_0081_0136_0136.jpg 1 99 81 136 136
0877_0160_0085_0246_0246.jpg 1 160 85 246 246
0878_0163_0184_0173_0173.jpg 1 163 184 173 173
0879_0148_0147_0207_0207.jpg 1 148 147 207 207
0880_0076_0047_0345_0345.jpg 1 76 47 345 345
0881_0092_0056_0321_0321.jpg 1 92 56 321 321
0882_0125_0125_0235_0235.jpg 1 125 125 235 235
0883_0081_0162_0296_0296.jpg 1 81 162 296 296
0884_0036_0181_0252_0252.jpg 1 36 181 252 252
0885_0082_0061_0068_0068.jpg 1 82 61 68 68
0886_0042_0091_0322_0322.jpg 1 42 91 322 322
0887_0035_0089_0341_0341.jpg 1 35 89 341 341
0888_0056_0061_0299_0299.jpg 1 56 61 299 299
0889_0032_0031_0305_0305.jpg 1 32 31 305 305
0890_0237_0258_0138_0138.jpg 1 237 258 138 138
0891_0164_0354_0051_0051.jpg 1 164 354 51 51
0892_0256_0113_0172_0172.jpg 1 256 113 172 172
0893_0088_0269_0073_0073.jpg 1 88 269 73 73
0894_0087_0114_0299_0299.jpg 1 87 114 299 299
0895_0229_0279_0025_0025.jpg 1 229 279 25 25
0896_0237_0315_0105_0105.jpg 1 237 315 105 105
0897_0134_0146_0257_0257.jpg 1 134 146 257 257
0898_0019_0077_0326_0326.jpg 1 19 77 326 326
0899_0039_0046_0302_0302.jpg 1 39 46 302 302
0900_0129_0180_0045_0045.jpg 1 129 180 45 45
0901_0037_0066_0328_0328.jpg 1 37 66 328 328
0902_0176_0077_0167_0167.jpg 1 176 77 167 167
0903_0241_0157_0057_0057.jpg 1 241 157 57 57
0904_0159_0194_0219_0219.jpg 1 159 194 219 219
0905_0084_0155_0275_0275.jpg 1 84 155 275 275
0906_0195_0195_0035_0035.jpg 1 195 195 35 35
0907_0248_0150_0052_0052.jpg 1 248 150 52 52
0908_0069_0364_0035_0035.jpg 1 69 364 35 35
0909_0198_0158_0046_0046.jpg 1 198 158 46 46
0910_0070_0146_0259_0259.jpg 1 70 146 259 259
0911_0054_0101_0268_0268.jpg 1 54 101 268 268
0912_0154_0159_0079_0079.jpg 1 154 159 79 79
0913_0062_0165_0153_0153.jpg 1 62 165 153 153
0914_0131_0213_0144_0144.jpg 1 131 213 144 144
0915_0116_0036_0295_0295.jpg 1 116 36 295 295
0916_0087_0225_0024_0024.jpg 1 87 225 24 24
0917_0152_0265_0130_0130.jpg 1 152 265 130 130
0918_0263_0199_0123_0123.jpg 1 263 199 123 123
0919_0281_0150_0145_0145.jpg 1 281 150 145 145
0920_0219_0223_0065_0065.jpg 1 219 223 65 65
0921_0069_0048_0159_0159.jpg 1 69 48 159 159
0922_0241_0047_0035_0035.jpg 1 241 47 35 35
0923_0127_0134_0294_0294.jpg 1 127 134 294 294
0924_0112_0193_0256_0256.jpg 1 112 193 256 256
0925_0036_0166_0262_0262.jpg 1 36 166 262 262
0926_0070_0203_0214_0214.jpg 1 70 203 214 214
0927_0141_0050_0251_0251.jpg 1 141 50 251 251
0928_0230_0184_0101_0101.jpg 1 230 184 101 101
0929_0109_0201_0177_0177.jpg 1 109 201 177 177
0930_0285_0141_0116_0116.jpg 1 285 141 116 116
0931_0078_0176_0236_0236.jpg 1 78 176 236 236
0932_0260_0262_0054_0054.jpg 1 260 262 54 54
0933_0094_0109_0059_0059.jpg 1 94 109 59 59
0934_0244_0060_0117_0117.jpg 1 244 60 117 117
0935_0237_0196_0176_0176.jpg 1 237 196 176 176
0936_0164_0102_0245_0245.jpg 1 164 102 245 245
0937_0252_0059_0066_0066.jpg 1 252 59 66 66
0938_0196_0217_0135_0135.jpg 1 196 217 135 135
0939_0236_0186_0144_0144.jpg 1 236 186 144 144
0940_0115_0102_0319_0319.jpg 1 115 102 319 319
0941_0160_0182_0037_0037.jpg 1 160 182 37 37
0942_0049_0196_0204_0204.jpg 1 49 196 204 204
0943_0055_0221_0071_0071.jpg 1 55 221 71 71
0944_0230_0325_0074_0074.jpg 1 230 325 74 74
0945_0216_0204_0200_0200.jpg 1 216 204 200 200
0946_0033_0047_0291_0291.jpg 1 33 47 291 291
0947_0025_0085_0318_0318.jpg 1 25 85 318 318
0948_0282_0175_0122_0122.jpg 1 282 175 122 122
0949_0327_0189_0052_0052.jpg 1 327 189 52 52
0950_0053_0113_0266_0266.jpg 1 53 113 266 266
0951_0075_0165_0273_0273.jpg 1 75 165 273 273
0952_0135_0077_0281_0281.jpg 1 135 77 281 281
0953_0119_0227_0167_0167.jpg 1 119 227 167 167
0954_0322_0314_0039_0039.jpg 1 322 314 39 39
0955_0116_0223_0214_0214.jpg 1 116 223 214 214
0956_0037_0254_0150_0150.jpg 1 37 254 150 150
0957_0207_0063_0235_0235.jpg 1 207 63 235 235
0958_0254_0051_0068_0068.jpg 1 254 51 68 68
0959_0293_0280_0092_0092.jpg 1 293 280 92 92
0960_0082_0091_0334_0334.jpg 1 82 91 334 334
0961_0190_0120_0087_0087.jpg 1 190 120 87 87
0962_0062_0328_0088_0088.jpg 1 62 328 88 88
0963_0042_0035_0296_0296.jpg 1 42 35 296 296
0964_0039_0216_0197_0197.jpg 1 39 216 197 197
0965_0249_0199_0127_0127.jpg 1 249 199 127 127
0966_0168_0068_0241_0241.jpg 1 168 68 241 241
0967_0157_0294_0103_0103.jpg 1 157 294 103 103
0968_0119_0328_0069_0069.jpg 1 119 328 69 69
0969_0115_0247_0066_0066.jpg 1 115 247 66 66
0970_0143_0242_0061_0061.jpg 1 143 242 61 61
0971_0020_0087_0300_0300.jpg 1 20 87 300 300
0972_0088_0039_0336_0336.jpg 1 88 39 336 336
0973_0100_0102_0183_0183.jpg 1 100 102 183 183
0974_0151_0178_0114_0114.jpg 1 151 178 114 114
0975_0098_0344_0061_0061.jpg 1 98 344 61 61
0976_0088_0098_0343_0343.jpg 1 88 98 343 343
0977_0144_0019_0317_0317.jpg 1 144 19 317 317
0978_0196_0194_0222_0222.jpg 1 196 194 222 222
0979_0037_0017_0335_0335.jpg 1 37 17 335 335
0980_0067_0153_0044_0044.jpg 1 67 153 44 44
0981_0038_0068_0330_0330.jpg 1 38 68 330 330
0982_0289_0357_0035_0035.jpg 1 289 357 35 35
0983_0191_0153_0173_0173.jpg 1 191 153 173 173
0984_0029_0056_0306_0306.jpg 1 29 56 306 306
0985_0180_0083_0269_0269.jpg 1 180 83 269 269
0986_0179_0075_0254_0254.jpg 1 179 75 254 254
0987_0104_0044_0336_0336.jpg 1 104 44 336 336
0988_0187_0181_0034_0034.jpg 1 187 181 34 34
0989_0088_0056_0334_0334.jpg 1 88 56 334 334
0990_0094_0308_0050_0050.jpg 1 94 308 50 50
0991_0177_0146_0251_0251.jpg 1 177 146 251 251
0992_0160_0273_0104_0104.jpg 1 160 273 104 104
0993_0126_0130_0305_0305.jpg 1 126 130 305 305
0994_0288_0223_0096_0096.jpg 1 288 223 96 96
0995_0039_0019_0315_0315.jpg 1 39 19 315 315
0996_0190_0164_0106_0106.jpg 1 190 164 106 106
0997_0182_0238_0069_0069.jpg 1 182 238 69 69
0998_0162_0145_0195_0195.jpg 1 162 145 195 195
0999_0047_0129_0166_0166.jpg 1 47 129 166 166
1000_0140_0079_0261_0261.jpg 1 140 79 261 261
