0001_0055_0056_0286_0286.jpg 1 55 56 286 286
0002_0066_0186_0156_0156.jpg 1 66 186 156 156
0003_0112_0065_0221_0221.jpg 1 112 65 221 221
0004_0073_0035_0265_0265.jpg 1 73 35 265 265
0005_0081_0160_0208_0208.jpg 1 81 160 208 208
0006_0191_0035_0191_0191.jpg 1 191 35 191 191
0007_0063_0124_0320_0320.jpg 1 63 124 320 320
0008_0287_0259_0083_0083.jpg 1 287 259 83 83
0009_0116_0087_0311_0311.jpg 1 116 87 311 311
0010_0148_0116_0293_0293.jpg 1 148 116 293 293
0011_0088_0152_0241_0241.jpg 1 88 152 241 241
0012_0070_0145_0244_0244.jpg 1 70 145 244 244
0013_0257_0229_0025_0025.jpg 1 257 229 25 25
0014_0179_0068_0080_0080.jpg 1 179 68 80 80
0015_0243_0075_0154_0154.jpg 1 243 75 154 154
0016_0206_0245_0077_0077.jpg 1 206 245 77 77
0017_0088_0027_0345_0345.jpg 1 88 27 345 345
0018_0060_0109_0275_0275.jpg 1 60 109 275 275
0019_0195_0272_0070_0070.jpg 1 195 272 70 70
0020_0124_0064_0341_0341.jpg 1 124 64 341 341
0021_0039_0152_0306_0306.jpg 1 39 152 306 306
0022_0229_0067_0088_0088.jpg 1 229 67 88 88
0023_0082_0102_0179_0179.jpg 1 82 102 179 179
0024_0066_0131_0333_0333.jpg 1 66 131 333 333
0025_0054_0145_0306_0306.jpg 1 54 145 306 306
0026_0056_0079_0311_0311.jpg 1 56 79 311 311
0027_0066_0063_0045_0045.jpg 1 66 63 45 45
0028_0072_0055_0315_0315.jpg 1 72 55 315 315
0029_0098_0163_0291_0291.jpg 1 98 163 291 291
0030_0103_0052_0215_0215.jpg 1 103 52 215 215
0031_0133_0067_0328_0328.jpg 1 133 67 328 328
0032_0098_0143_0262_0262.jpg 1 98 143 262 262
0033_0101_0022_0310_0310.jpg 1 101 22 310 310
0034_0214_0236_0203_0203.jpg 1 214 236 203 203
0035_0258_0249_0141_0141.jpg 1 258 249 141 141
0036_0085_0077_0313_0313.jpg 1 85 77 313 313
0037_0070_0082_0272_0272.jpg 1 70 82 272 272
0038_0114_0102_0306_0306.jpg 1 114 102 306 306
0039_0134_0128_0228_0228.jpg 1 134 128 228 228
0040_0060_0093_0060_0060.jpg 1 60 93 60 60
0041_0218_0088_0204_0204.jpg 1 218 88 204 204
0042_0047_0050_0247_0247.jpg 1 47 50 247 247
0043_0086_0057_0091_0091.jpg 1 86 57 91 91
0044_0119_0030_0258_0258.jpg 1 119 30 258 258
0045_0056_0169_0203_0203.jpg 1 56 169 203 203
0046_0056_0239_0169_0169.jpg 1 56 239 169 169
0047_0069_0097_0338_0338.jpg 1 69 97 338 338
0048_0291_0165_0070_0070.jpg 1 291 165 70 70
0049_0320_0367_0024_0024.jpg 1 320 367 24 24
0050_0179_0193_0232_0232.jpg 1 179 193 232 232
0051_0064_0247_0031_0031.jpg 1 64 247 31 31
0052_0253_0055_0127_0127.jpg 1 253 55 127 127
0053_0053_0112_0117_0117.jpg 1 53 112 117 117
0054_0093_0142_0197_0197.jpg 1 93 142 197 197
0055_0182_0077_0259_0259.jpg 1 182 77 259 259
0056_0145_0092_0137_0137.jpg 1 145 92 137 137
0057_0146_0099_0247_0247.jpg 1 146 99 247 247
0058_0142_0261_0059_0059.jpg 1 142 261 59 59
0059_0154_0302_0078_0078.jpg 1 154 302 78 78
0060_0220_0087_0177_0177.jpg 1 220 87 177 177
0061_0132_0078_0322_0322.jpg 1 132 78 322 322
0062_0046_0299_0038_0038.jpg 1 46 299 38 38
0063_0238_0114_0086_0086.jpg 1 238 114 86 86
0064_0122_0157_0182_0182.jpg 1 122 157 182 182
0065_0111_0221_0206_0206.jpg 1 111 221 206 206
0066_0171_0050_0282_0282.jpg 1 171 50 282 282
0067_0115_0051_0228_0228.jpg 1 115 51 228 228
0068_0093_0185_0046_0046.jpg 1 93 185 46 46
0069_0136_0303_0030_0030.jpg 1 136 303 30 30
0070_0306_0181_0069_0069.jpg 1 306 181 69 69
0071_0138_0211_0205_0205.jpg 1 138 211 205 205
0072_0125_0121_0330_0330.jpg 1 125 121 330 330
0073_0085_0167_0191_0191.jpg 1 85 167 191 191
0074_0091_0042_0286_0286.jpg 1 91 42 286 286
0075_0120_0068_0293_0293.jpg 1 120 68 293 293
0076_0048_0082_0342_0342.jpg 1 48 82 342 342
0077_0036_0117_0297_0297.jpg 1 36 117 297 297
0078_0262_0062_0151_0151.jpg 1 262 62 151 151
0079_0022_0126_0326_0326.jpg 1 22 126 326 326
0080_0304_0082_0107_0107.jpg 1 304 82 107 107
0081_0078_0303_0112_0112.jpg 1 78 303 112 112
0082_0054_0118_0319_0319.jpg 1 54 118 319 319
0083_0078_0121_0107_0107.jpg 1 78 121 107 107
0084_0135_0140_0318_0318.jpg 1 135 140 318 318
0085_0235_0051_0184_0184.jpg 1 235 51 184 184
0086_0035_0135_0229_0229.jpg 1 35 135 229 229
0087_0289_0242_0105_0105.jpg 1 289 242 105 105
0088_0110_0212_0061_0061.jpg 1 110 212 61 61
0089_0207_0163_0196_0196.jpg 1 207 163 196 196
0090_0085_0115_0289_0289.jpg 1 85 115 289 289
0091_0142_0168_0181_0181.jpg 1 142 168 181 181
0092_0133_0063_0179_0179.jpg 1 133 63 179 179
0093_0129_0110_0285_0285.jpg 1 129 110 285 285
0094_0163_0104_0232_0232.jpg 1 163 104 232 232
0095_0193_0079_0254_0254.jpg 1 193 79 254 254
0096_0063_0070_0244_0244.jpg 1 63 70 244 244
0097_0122_0106_0304_0304.jpg 1 122 106 304 304
0098_0049_0077_0341_0341.jpg 1 49 77 341 341
0099_0120_0251_0132_0132.jpg 1 120 251 132 132
0100_0110_0161_0169_0169.jpg 1 110 161 169 169
